02			
S42	33		
c7d075a02535a623c37497f4bc5ad158b0084d0de45d11b931b5bbd3d3579fa8			
01	3046022100b89	04	50
02	502202		0d	50
03	3046022100f1d	13	50
04	602210		16	50
05	502210		29	50
06	402207		2e	50
07	30440220224ea	31	50
08	30460221009b4f	37	50
09	502210		45	50
10	602210		51	50
11	402203		56	50
12	304402201	63	50
13	502206		6a	50
14	3044402201	7b	50
15	304502201b01	7c	50
16	6022100a762	87	50
17	3046022100f9	88	50
18	3046022100	8b	50
19	402207		91	50
20	502210		9c	50
21	304502207	9f	50
22	502206		a5	50
23	502210		a7	50
24	502210		b9	50
25	602210		c1	50
26	304402207	d2	50
27	602210		de	50
28	3044022068d5	e7	50
29	304502210	ec	50
30	402205		ee	50
31	402204		f0	50
32	304602210	f6	50
33	6022100889ef	fe	50
